Using device: cuda
Epoch: 0, Train loss: 0.2670207682648761

Epoch: 0, Val loss: 0.16797939463838432
Epoch: 0, SFT Val loss: 256.68051803588867
Saving best model: ./models/dpo/epochs_4-batch_2-lr_1e-06-beta_0.1-seed_42-scheduler_False.pt
